78 120 1
94 135 -1
11 110 1
8 67 -1
132 179 -1
91 95 -1
82 120 -1
93 121 -1
52 95 -1
109 131 -1
28 112 -1
72 170 -1
14 61 1
18 155 -1
12 30 1
3 145 -1
26 118 -1
100 149 -1
31 35 -1
76 126 -1
16 148 -1
94 163 1
54 83 -1
82 96 -1
62 116 -1
11 126 -1
169 187 1
57 67 -1
107 157 1
19 200 1
139 166 -1
80 94 1
12 146 -1
61 82 1
30 42 1
136 159 1
50 124 -1
77 83 -1
70 166 -1
97 165 -1
27 180 1
33 157 1
88 188 -1
81 152 1
108 196 -1
5 125 -1
17 42 -1
84 98 -1
68 141 -1
129 185 1
194 198 1
114 182 1
2 42 -1
106 187 -1
22 128 -1
40 113 1
23 102 1
11 56 1
60 151 -1
8 191 -1
3 96 1
66 191 1
80 148 -1
122 193 -1
93 119 -1
13 60 1
3 35 -1
20 99 -1
4 82 1
89 103 1
119 142 1
73 155 1
70 122 -1
114 131 -1
56 80 1
180 198 1
102 131 -1
137 165 -1
135 183 1
141 150 -1
118 146 -1
66 191 1
46 117 -1
26 181 -1
149 190 -1
143 190 -1
13 85 -1
4 28 1
32 177 -1
73 149 -1
102 193 1
166 172 -1
107 167 -1
12 92 1
85 189 -1
4 158 1
16 97 -1
87 194 1
5 82 -1
81 85 1
1 106 -1
98 172 -1
72 196 -1
75 86 1
15 60 1
26 45 -1
15 27 1
14 122 -1
116 188 -1
114 171 -1
1 28 1
136 150 -1
103 153 -1
142 190 -1
42 107 1
40 115 -1
1 32 1
39 96 -1
38 120 -1
90 143 1
103 170 1
48 103 -1
2 80 -1
28 35 -1
161 168 -1
91 136 1
78 118 1
147 167 -1
57 180 -1
143 183 1
35 73 -1
123 197 -1
90 108 -1
61 86 1
90 105 -1
56 133 1
106 108 -1
6 120 -1
92 112 -1
107 136 1
5 185 -1
8 157 1
40 105 -1
62 142 1
46 159 -1
146 176 -1
65 66 -1
63 96 1
131 177 -1
4 113 1
13 67 -1
8 113 1
114 117 1
56 63 -1
127 142 1
46 143 -1
61 124 -1
90 147 -1
57 66 1
101 135 1
148 151 -1
111 151 -1
108 175 -1
139 142 -1
76 177 -1
137 180 -1
29 188 -1
155 167 -1
61 189 1
154 162 1
85 187 1
139 173 -1
42 115 -1
20 62 -1
3 78 1
143 161 -1
63 90 -1
27 139 -1
85 149 -1
190 200 1
69 135 -1
85 109 -1
63 111 -1
93 137 -1
34 45 1
89 193 -1
61 116 -1
144 156 -1
93 152 -1
117 181 -1
74 95 -1
86 122 -1
125 152 -1
11 139 -1
67 183 -1
82 196 -1
133 179 -1
119 194 1
122 124 1
76 199 -1
74 143 1
2 13 -1
158 198 1
81 121 -1
13 182 1
22 148 -1
73 190 -1
122 153 -1
68 126 -1
94 162 1
88 126 -1
51 168 1
39 177 -1
83 99 -1
122 167 -1
34 45 1
19 146 -1
29 68 -1
5 76 -1
101 148 -1
23 51 1
32 66 -1
146 185 -1
138 173 -1
61 108 -1
99 170 -1
122 163 -1
5 107 -1
34 177 -1
17 116 -1
13 109 1
95 137 -1
8 51 1
26 166 -1
40 169 -1
57 82 -1
59 98 -1
11 135 -1
31 48 -1
97 200 -1
24 71 -1
99 159 -1
26 154 -1
29 150 -1
72 195 1
121 129 1
67 154 -1
13 41 -1
38 102 1
111 163 1
120 143 -1
91 177 -1
33 67 -1
182 192 1
33 184 1
14 42 1
86 106 -1
98 172 -1
98 167 1
72 191 -1
23 200 -1
40 198 1
101 178 1
148 166 -1
35 85 -1
75 121 1
107 122 -1
38 47 -1
48 109 -1
136 190 -1
35 195 -1
92 98 -1
132 147 -1
6 113 -1
153 162 1
95 121 -1
100 115 -1
2 103 -1
61 114 1
76 87 -1
50 76 -1
6 135 -1
27 199 1
77 103 -1
92 96 -1
76 164 -1
86 145 1
120 174 -1
9 106 -1
20 110 -1
27 149 -1
15 69 -1
25 196 -1
9 180 1
64 156 1
30 115 -1
49 181 -1
38 83 1
145 152 -1
10 154 -1
80 146 -1
66 149 -1
52 193 -1
21 129 1
145 169 -1
15 60 1
12 80 1
65 88 1
93 134 -1
124 134 1
95 117 -1
16 72 -1
15 172 1
31 158 -1
83 127 1
66 105 -1
40 79 -1
65 86 -1
66 151 -1
59 144 1
2 96 1
15 33 1
76 154 -1
32 141 1
69 121 -1
60 149 -1
38 104 1
71 188 1
5 25 -1
129 145 1
4 6 -1
37 179 1
24 54 -1
88 154 1
20 136 -1
76 151 -1
114 116 -1
101 126 -1
51 102 1
80 123 1
132 176 -1
88 196 -1
6 90 -1
85 141 -1
42 121 1
49 124 -1
96 97 -1
162 174 1
82 162 1
118 167 1
26 35 -1
126 177 -1
104 136 1
56 107 1
20 37 -1
135 137 1
20 88 -1
88 165 -1
94 139 -1
43 56 1
87 169 -1
56 116 -1
37 152 1
3 127 -1
99 127 -1
110 158 1
37 107 -1
69 87 -1
136 140 1
140 144 -1
94 174 1
6 113 -1
7 89 -1
156 159 -1
34 47 1
