0 3 1 3 5 1 0.0 0 0 0 0 0 0 0 0 0 0 0 1 0 
0 2 1 2 4 2 -0.296 0.93713106909874 0 0 0 1 0 0 0 0 0 0 0 0 
0 3 1 3 9 1 0.4019 0.94459669855408 0 0 0 0 0 0 0 1 0 0 0 0 
0 3 1 3 7 1 0.4019 0.94459669855408 0 0 0 0 0 0 0 1 0 0 0 0 
0 3 1 3 4 1 0.4019 0.94459669855408 0 0 0 0 0 0 0 1 0 0 0 0 
0 3 1 3 4 1 0.4019 0.94459669855408 0 0 0 0 0 0 0 1 0 0 0 0 
0 3 1 3 2 1 0.4019 0.94459669855408 0 0 0 0 0 0 0 1 0 0 0 0 
0 3 1 3 7 1 0.4019 0.94459669855408 0 0 0 0 0 0 0 1 0 0 0 0 
0 3 1 3 6 1 0.4019 0.94459669855408 0 0 0 0 0 0 0 1 0 0 0 0 
0 2 1 2 10 1 -0.296 0.93713106909874 0 0 0 1 0 0 0 0 0 0 0 0 
0 3 1 3 9 1 0.4019 0.94459669855408 0 0 0 0 0 0 0 1 0 0 0 0 
0 3 1 3 7 1 0.4019 0.94459669855408 0 0 0 0 0 0 0 1 0 0 0 0 
0 3 1 3 4 1 0.4019 0.94459669855408 0 0 0 0 0 0 0 1 0 0 0 0 
0 3 1 3 7 1 0.4019 0.94459669855408 0 0 0 0 0 0 0 1 0 0 0 0 
0 3 1 3 6 1 0.4019 0.94459669855408 0 0 0 0 0 0 0 1 0 0 0 0 
0 3 1 3 5 1 0.4019 0.94459669855408 0 0 0 0 0 0 0 1 0 0 0 0 
0 3 1 3 11 1 0.4019 0.94459669855408 0 0 0 0 0 0 0 1 0 0 0 0 
0 3 1 3 7 1 0.4019 0.94459669855408 0 0 0 0 0 0 0 1 0 0 0 0 
0 3 1 3 3 1 0.4019 0.94459669855408 0 0 0 0 0 0 0 1 0 0 0 0 
0 3 1 3 8 1 0.4019 0.94459669855408 0 0 0 0 0 0 0 1 0 0 0 0 
0 3 1 3 4 1 0.4019 0.94459669855408 0 0 0 0 0 0 0 1 0 0 0 0 
0 3 1 3 7 1 0.4019 0.94459669855408 0 0 0 0 0 0 0 1 0 0 0 0 
0 3 1 3 4 1 0.4019 0.94459669855408 0 0 0 0 0 0 0 1 0 0 0 0 
0 3 1 3 8 1 0.4019 0.94459669855408 0 0 0 0 0 0 0 1 0 0 0 0 
0 3 1 3 5 1 0.4019 0.94459669855408 0 0 0 0 0 0 0 1 0 0 0 0 
0 3 1 3 4 1 0.4019 0.94459669855408 0 0 0 0 0 0 0 1 0 0 0 0 
0 3 1 3 8 1 0.4019 0.94459669855408 0 0 0 0 0 0 0 1 0 0 0 0 
0 3 1 3 7 1 0.4019 0.94459669855408 0 0 0 0 0 0 0 1 0 0 0 0 
0 3 1 3 6 1 0.4019 0.94459669855408 0 0 0 0 0 0 0 1 0 0 0 0 
0 3 1 3 8 1 0.4019 0.94459669855408 0 0 0 0 0 0 0 1 0 0 0 0 
0 6 1 6 25 1 0.0 0.51369403754075 0 0 0 0 0 0 0 0 1 0 0 0 
0 3 1 3 3 1 0.4019 0.94459669855408 0 0 0 0 0 0 0 1 0 0 0 0 
0 3 1 3 5 1 0.4019 0.94459669855408 0 0 0 0 0 0 0 1 0 0 0 0 
0 3 1 3 4 1 0.4019 0.94459669855408 0 0 0 0 0 0 0 1 0 0 0 0 
0 3 1 3 3 1 0.4019 0.94459669855408 0 0 0 0 0 0 0 1 0 0 0 0 
0 3 1 3 15 1 0.4019 0.94459669855408 0 0 0 0 0 0 0 1 0 0 0 0 
0 3 1 3 4 1 0.4019 0.94459669855408 0 0 0 0 0 0 0 1 0 0 0 0 
0 2 1 2 7 1 -0.296 0.93713106909874 0 0 0 1 0 0 0 0 0 0 0 0 
0 3 1 3 3 1 0.4019 0.94459669855408 0 0 0 0 0 0 0 1 0 0 0 0 
0 3 1 3 3 1 0.4019 0.94459669855408 0 0 0 0 0 0 0 1 0 0 0 0 
0 3 1 3 4 1 0.4019 0.94459669855408 0 0 0 0 0 0 0 1 0 0 0 0 
0 3 1 3 4 1 0.4019 0.94459669855408 0 0 0 0 0 0 0 1 0 0 0 0 
0 3 1 3 4 1 0.4019 0.94459669855408 0 0 0 0 0 0 0 1 0 0 0 0 
0 3 1 3 9 1 0.4019 0.94459669855408 0 0 0 0 0 0 0 1 0 0 0 0 
0 3 1 3 5 1 0.4019 0.94459669855408 0 0 0 0 0 0 0 1 0 0 0 0 
0 2 1 2 4 1 -0.296 0.93713106909874 0 0 0 1 0 0 0 0 0 0 0 0 
0 3 1 3 39 1 0.4019 0.94459669855408 0 0 0 0 0 0 0 1 0 0 0 0 
0 3 1 3 2 1 0.4019 0.94459669855408 0 0 0 0 0 0 0 1 0 0 0 0 
0 2 1 2 12 1 -0.296 0.93713106909874 0 0 0 1 0 0 0 0 0 0 0 0 
0 3 1 3 17 1 0.4019 0.94459669855408 0 0 0 0 0 0 0 1 0 0 0 0 
0 3 1 3 8 1 0.4019 0.94459669855408 0 0 0 0 0 0 0 1 0 0 0 0 
0 19 4 22 36 1 0.0 0 0 0 0 0 1 1 0 0 0 1 0 1 
0 2 1 2 10 2 -0.296 0.93713106909874 0 0 0 1 0 0 0 0 0 0 0 0 
0 3 1 3 2 1 0.4019 0.94459669855408 0 0 0 0 0 0 0 1 0 0 0 0 
0 3 1 3 8 1 0.4019 0.94459669855408 0 0 0 0 0 0 0 1 0 0 0 0 
0 3 1 3 3 1 0.4019 0.94459669855408 0 0 0 0 0 0 0 1 0 0 0 0 
0 3 1 3 8 1 0.4019 0.94459669855408 0 0 0 0 0 0 0 1 0 0 0 0 
0 3 1 3 9 1 0.4019 0.94459669855408 0 0 0 0 0 0 0 1 0 0 0 0 
0 3 1 3 3 1 0.4019 0.94459669855408 0 0 0 0 0 0 0 1 0 0 0 0 
0 3 1 3 4 1 0.4019 0.94459669855408 0 0 0 0 0 0 0 1 0 0 0 0 
0 3 1 3 7 1 0.4019 0.94459669855408 0 0 0 0 0 0 0 1 0 0 0 0 
0 3 1 3 25 1 0.4019 0.94459669855408 0 0 0 0 0 0 0 1 0 0 0 0 
0 3 1 3 7 1 0.4019 0.94459669855408 0 0 0 0 0 0 0 1 0 0 0 0 
0 3 1 3 4 1 0.4019 0.94459669855408 0 0 0 0 0 0 0 1 0 0 0 0 
0 3 1 3 3 1 0.4019 0.94459669855408 0 0 0 0 0 0 0 1 0 0 0 0 
0 3 1 3 71 1 0.0 0.93713112897771 0 0 0 0 0 0 1 0 0 0 0 0 
0 3 1 3 23 1 0.4019 0.94459669855408 0 0 0 0 0 0 0 1 0 0 0 0 
0 3 1 3 8 1 0.4019 0.94459669855408 0 0 0 0 0 0 0 1 0 0 0 0 
0 3 1 3 8 1 0.4019 0.94459669855408 0 0 0 0 0 0 0 1 0 0 0 0 
0 3 1 3 4 1 0.4019 0.94459669855408 0 0 0 0 0 0 0 1 0 0 0 0 
0 3 1 3 4 1 0.4019 0.94459669855408 0 0 0 0 0 0 0 1 0 0 0 0 
0 3 1 3 10 1 0.4019 0.94459669855408 0 0 0 0 0 0 0 1 0 0 0 0 
0 3 1 3 4 1 0.4019 0.94459669855408 0 0 0 0 0 0 0 1 0 0 0 0 
0 3 1 3 5 1 0.4019 0.94459669855408 0 0 0 0 0 0 0 1 0 0 0 0 
0 3 1 3 7 1 0.4019 0.94459669855408 0 0 0 0 0 0 0 1 0 0 0 0 
0 3 1 3 6 1 0.4019 0.94459669855408 0 0 0 0 0 0 0 1 0 0 0 0 
0 3 1 3 7 1 0.4019 0.94459669855408 0 0 0 0 0 0 0 1 0 0 0 0 
0 3 1 3 3 1 0.4019 0.94459669855408 0 0 0 0 0 0 0 1 0 0 0 0 
0 3 1 3 25 1 0.4019 0.94459669855408 0 0 0 0 0 0 0 1 0 0 0 0 
0 3 1 3 2 1 0.4019 0.94459669855408 0 0 0 0 0 0 0 1 0 0 0 0 
0 3 1 3 6 1 0.4019 0.94459669855408 0 0 0 0 0 0 0 1 0 0 0 0 
0 3 1 3 2 1 0.4019 0.94459669855408 0 0 0 0 0 0 0 1 0 0 0 0 
0 3 1 3 5 1 0.4019 0.94459669855408 0 0 0 0 0 0 0 1 0 0 0 0 
0 3 1 3 6 1 0.4019 0.94459669855408 0 0 0 0 0 0 0 1 0 0 0 0 
0 3 1 3 3 1 0.4019 0.94459669855408 0 0 0 0 0 0 0 1 0 0 0 0 
0 3 1 3 4 1 0.4019 0.94459669855408 0 0 0 0 0 0 0 1 0 0 0 0 
0 3 1 3 3 1 0.4019 0.94459669855408 0 0 0 0 0 0 0 1 0 0 0 0 
0 2 1 2 8 1 -0.296 0.93713106909874 0 0 0 1 0 0 0 0 0 0 0 0 
0 3 1 3 11 1 0.4019 0.94459669855408 0 0 0 0 0 0 0 1 0 0 0 0 
0 3 1 3 10 1 0.4019 0.94459669855408 0 0 0 0 0 0 0 1 0 0 0 0 
0 3 1 3 2 1 0.4019 0.94459669855408 0 0 0 0 0 0 0 1 0 0 0 0 
0 3 1 3 3 1 0.4019 0.94459669855408 0 0 0 0 0 0 0 1 0 0 0 0 
0 3 1 3 5 1 0.4019 0.94459669855408 0 0 0 0 0 0 0 1 0 0 0 0 
0 3 1 3 5 1 0.4019 0.94459669855408 0 0 0 0 0 0 0 1 0 0 0 0 
0 3 1 3 4 1 0.4019 0.94459669855408 0 0 0 0 0 0 0 1 0 0 0 0 
0 3 1 3 4 1 0.4019 0.94459669855408 0 0 0 0 0 0 0 1 0 0 0 0 
0 3 1 3 8 1 0.4019 0.94459669855408 0 0 0 0 0 0 0 1 0 0 0 0 
0 3 1 3 5 1 0.4019 0.94459669855408 0 0 0 0 0 0 0 1 0 0 0 0 
0 3 1 3 7 1 0.4019 0.94459669855408 0 0 0 0 0 0 0 1 0 0 0 0 
0 3 1 3 5 1 0.4019 0.94459669855408 0 0 0 0 0 0 0 1 0 0 0 0 
0 3 1 3 4 1 0.4019 0.94459669855408 0 0 0 0 0 0 0 1 0 0 0 0 
0 3 1 3 6 1 0.4019 0.94459669855408 0 0 0 0 0 0 0 1 0 0 0 0 
0 3 1 3 9 1 0.4019 0.94459669855408 0 0 0 0 0 0 0 1 0 0 0 0 
0 3 1 3 4 1 0.4019 0.94459669855408 0 0 0 0 0 0 0 1 0 0 0 0 
0 3 1 3 8 1 0.4019 0.94459669855408 0 0 0 0 0 0 0 1 0 0 0 0 
0 2 1 2 5 1 -0.296 0.93713106909874 0 0 0 1 0 0 0 0 0 0 0 0 
0 3 1 3 9 1 0.4019 0.94459669855408 0 0 0 0 0 0 0 1 0 0 0 0 
0 3 1 3 6 1 0.4019 0.94459669855408 0 0 0 0 0 0 0 1 0 0 0 0 
0 3 1 3 3 1 0.4019 0.94459669855408 0 0 0 0 0 0 0 1 0 0 0 0 
0 3 1 3 4 1 0.4019 0.94459669855408 0 0 0 0 0 0 0 1 0 0 0 0 
0 3 1 3 3 1 0.4019 0.94459669855408 0 0 0 0 0 0 0 1 0 0 0 0 
0 3 1 3 7 1 0.4019 0.94459669855408 0 0 0 0 0 0 0 1 0 0 0 0 
0 3 1 3 5 1 0.4019 0.94459669855408 0 0 0 0 0 0 0 1 0 0 0 0 
0 3 1 3 6 1 0.4019 0.94459669855408 0 0 0 0 0 0 0 1 0 0 0 0 
0 3 1 3 5 1 0.4019 0.94459669855408 0 0 0 0 0 0 0 1 0 0 0 0 
0 3 1 3 6 1 0.4019 0.94459669855408 0 0 0 0 0 0 0 1 0 0 0 0 
0 3 1 3 4 1 0.4019 0.94459669855408 0 0 0 0 0 0 0 1 0 0 0 0 
0 3 1 3 7 1 0.4019 0.94459669855408 0 0 0 0 0 0 0 1 0 0 0 0 
0 3 1 3 5 1 0.4019 0.94459669855408 0 0 0 0 0 0 0 1 0 0 0 0 
0 3 1 3 9 1 0.4019 0.94459669855408 0 0 0 0 0 0 0 1 0 0 0 0 
0 2 1 2 22 1 -0.296 0.93713106909874 0 0 0 1 0 0 0 0 0 0 0 0 
0 3 1 3 5 1 0.4019 0.94459669855408 0 0 0 0 0 0 0 1 0 0 0 0 
0 3 1 3 2 1 0.4019 0.94459669855408 0 0 0 0 0 0 0 1 0 0 0 0 
0 3 1 3 3 1 0.4019 0.94459669855408 0 0 0 0 0 0 0 1 0 0 0 0 
0 3 1 3 8 1 0.4019 0.94459669855408 0 0 0 0 0 0 0 1 0 0 0 0 
0 3 1 3 3 1 0.4019 0.94459669855408 0 0 0 0 0 0 0 1 0 0 0 0 
0 3 1 3 8 1 0.4019 0.94459669855408 0 0 0 0 0 0 0 1 0 0 0 0 
0 3 1 3 5 1 0.4019 0.94459669855408 0 0 0 0 0 0 0 1 0 0 0 0 
0 3 1 3 4 1 0.4019 0.94459669855408 0 0 0 0 0 0 0 1 0 0 0 0 
0 3 1 3 7 1 0.4019 0.94459669855408 0 0 0 0 0 0 0 1 0 0 0 0 
0 3 1 3 8 1 0.4019 0.94459669855408 0 0 0 0 0 0 0 1 0 0 0 0 
0 3 1 3 8 1 0.4019 0.94459669855408 0 0 0 0 0 0 0 1 0 0 0 0 
0 3 1 3 3 1 0.4019 0.94459669855408 0 0 0 0 0 0 0 1 0 0 0 0 
0 3 1 3 3 1 0.4019 0.94459669855408 0 0 0 0 0 0 0 1 0 0 0 0 
0 3 1 3 6 1 0.4019 0.94459669855408 0 0 0 0 0 0 0 1 0 0 0 0 
0 2 1 2 5 1 -0.296 0.93713106909874 0 0 0 1 0 0 0 0 0 0 0 0 
0 3 1 3 6 1 0.4019 0.94459669855408 0 0 0 0 0 0 0 1 0 0 0 0 
0 3 1 3 4 1 0.4019 0.94459669855408 0 0 0 0 0 0 0 1 0 0 0 0 
0 2 1 2 18 1 -0.296 0.93713106909874 0 0 0 1 0 0 0 0 0 0 0 0 
0 3 1 3 10 1 0.4019 0.94459669855408 0 0 0 0 0 0 0 1 0 0 0 0 
0 3 1 3 4 1 0.4019 0.94459669855408 0 0 0 0 0 0 0 1 0 0 0 0 
0 3 1 3 5 1 0.4019 0.94459669855408 0 0 0 0 0 0 0 1 0 0 0 0 
0 3 1 3 4 1 0.4019 0.94459669855408 0 0 0 0 0 0 0 1 0 0 0 0 
0 3 1 3 6 1 0.4019 0.94459669855408 0 0 0 0 0 0 0 1 0 0 0 0 
0 3 1 3 4 1 0.4019 0.94459669855408 0 0 0 0 0 0 0 1 0 0 0 0 
0 3 1 3 7 1 0.4019 0.94459669855408 0 0 0 0 0 0 0 1 0 0 0 0 
0 3 1 3 6 1 0.4019 0.94459669855408 0 0 0 0 0 0 0 1 0 0 0 0 
0 3 1 3 6 1 0.4019 0.94459669855408 0 0 0 0 0 0 0 1 0 0 0 0 
0 3 1 3 13 1 0.4019 0.94459669855408 0 0 0 0 0 0 0 1 0 0 0 0 
0 3 1 3 5 1 0.4019 0.94459669855408 0 0 0 0 0 0 0 1 0 0 0 0 
0 3 1 3 2 1 0.4019 0.94459669855408 0 0 0 0 0 0 0 1 0 0 0 0 
0 3 1 3 5 1 0.4019 0.94459669855408 0 0 0 0 0 0 0 1 0 0 0 0 
0 3 1 3 7 1 0.4019 0.94459669855408 0 0 0 0 0 0 0 1 0 0 0 0 
0 3 1 3 3 1 0.4019 0.94459669855408 0 0 0 0 0 0 0 1 0 0 0 0 
0 3 1 3 3 1 0.4019 0.94459669855408 0 0 0 0 0 0 0 1 0 0 0 0 
0 3 1 3 5 1 0.4019 0.94459669855408 0 0 0 0 0 0 0 1 0 0 0 0 
0 3 1 3 4 1 0.4019 0.94459669855408 0 0 0 0 0 0 0 1 0 0 0 0 
0 3 1 3 25 1 0.4019 0.94459669855408 0 0 0 0 0 0 0 1 0 0 0 0 
0 3 1 3 6 1 0.4019 0.94459669855408 0 0 0 0 0 0 0 1 0 0 0 0 
0 3 1 3 4 1 0.4019 0.94459669855408 0 0 0 0 0 0 0 1 0 0 0 0 
0 3 1 3 6 1 0.4019 0.94459669855408 0 0 0 0 0 0 0 1 0 0 0 0 
